2019000001 2019010 90
2019010 2019010 99
2019010
2019010
2019010 2019010 2019010 2019000001
2019010 2019010 2019010 2019010
2019000001 2019010 90 2019000001 law 19
2019000001 2019010 90 2019000003 info 20
2019000001 2019010 90 2019000002 info 19
2019000001 2019010 90 2019010 math 28
2019010 2019010 99 2019000001 law 19
2019010 2019010 99 2019000003 info 20
2019010 2019010 99 2019000002 info 19
2019010 2019010 99 2019010 math 28
2019010 2019010 99 2019000003 info 20
2019010 2019010 99 2019000002 info 19
2019000001 law 90
2019010 math 99